<<<<<<< Updated upstream

105, 445, 58, 114, 133, 31, 497, 463, 386, 231, 221, 111, 104, 83, 
31, 58, 83, 104, 105, 111, 114, 133, 221, 231, 386, 445, 463, 497, 
Sakartots saraksts: 497, 463, 445, 386, 231, 221, 133, 114, 111, 105, 104, 83, 58, 31, 
31, 58, 83, 104, 105, 111, 114, 133, 221, 231, 386, 445, 463, 497, 
31, 58, 83, 104, 105, 111, 114, 133, 221, 231, 386, 445, 463, 497, 
31, 58, 83, 104, 105, 111, 114, 133, 221, 231, 386, 445, 463, 497, 
=======
Nesakartots sarakstss: Sakartots saraksts otrada seciba: 222, 239, 320, 350, 365, 405, 422, 445, 447, 454, 
>>>>>>> Stashed changes
